0.000000000000000000e+00
6.814086947993109591e-06
1.362750233151468227e-05
2.043964661032451042e-05
2.725015485668375224e-05
3.405917087018728274e-05
4.086772488328930560e-05
4.767822184691552590e-05
5.449504294848993779e-05
6.132525653842850737e-05
6.817946063354038400e-05
7.507276603857128265e-05
8.202595784384482305e-05
8.906688917574220876e-05
9.623217953069258162e-05
1.035693545562267555e-04
1.111396122295839724e-04
1.190215088787290699e-04
1.273160239550233071e-04
1.361537172346947273e-04
1.457051450748627556e-04
1.561964915518619245e-04
1.679338044836405043e-04
1.813420340528086952e-04
1.970307528586977221e-04
2.159109102799943239e-04
2.394165542148251279e-04
2.699634125142706979e-04
3.120114330522400685e-04
3.749528996581614560e-04
4.831461142048374259e-04
7.305103653302473608e-04
2.696815869246008482e-03
9.992514729935566109e+00
0.000000000000000000e+00
0.000000000000000000e+00
0.000000000000000000e+00
0.000000000000000000e+00
0.000000000000000000e+00
0.000000000000000000e+00
0.000000000000000000e+00
