0.000000000000000000e+00
1.878464584755047367e-05
3.756556815439952114e-05
5.633930444656875522e-05
7.510323244888449752e-05
9.385654746639557203e-05
1.126016077719879985e-04
1.313456827799382165e-04
1.501030717759522701e-04
1.688976461986835579e-04
1.877658360944523821e-04
2.067601582340558011e-04
2.259534264220106406e-04
2.454438692118447274e-04
2.653615472685214981e-04
2.858766455784347437e-04
3.072105573967309658e-04
3.296512161960317585e-04
3.535749698593162300e-04
3.794788464895046181e-04
4.080297183219029015e-04
4.401419831476829068e-04
4.771054532480373212e-04
5.208064435566935046e-04
5.741334848784498913e-04
6.417800667383483527e-04
7.319967298771015230e-04
8.609635527993961734e-04
1.066065603480769852e-03
1.461605575504091150e-03
2.715525466076850174e-03
9.986470171542729091e+00
0.000000000000000000e+00
0.000000000000000000e+00
0.000000000000000000e+00
0.000000000000000000e+00
0.000000000000000000e+00
0.000000000000000000e+00
0.000000000000000000e+00
0.000000000000000000e+00
0.000000000000000000e+00
