0.000000000000000000e+00
2.962651358059196355e-02
5.912401868814937123e-02
8.836355341495059912e-02
1.172156570642438889e-01
1.455491830789903129e-01
1.732296497054892082e-01
2.001173351330226835e-01
2.260653952499202812e-01
2.509182822696426896e-01
2.745107884565383127e-01
2.966680152090069300e-01
3.172065563204080618e-01
3.359370809203988117e-01
3.526684199447757129e-01
3.672130829546800812e-01
3.793939659846446433e-01
3.890518065390493607e-01
3.960527682865618848e-01
4.002954401085371261e-01
4.017165051428902012e-01
4.002944343812698813e-01
3.960507712233812816e-01
3.890488478800210870e-01
3.793900885269855250e-01
3.672083394499034981e-01
3.526628716894255056e-01
3.359307954775745952e-01
3.171996006698530324e-01
2.966604568424052735e-01
2.745026927337202438e-01
2.509097122062772245e-01
2.260564084867504597e-01
2.001079873891916938e-01
1.732199944102702782e-01
1.455392711352666291e-01
1.172055351774040632e-01
8.835326806221746598e-02
5.911361591123415193e-02
2.961603958228311087e-02
1.050142414696391765e-05
