0.000000000000000000e+00
3.098926095952098114e-02
6.184356020172682156e-02
9.242785224379113096e-02
1.226061518559414532e-01
1.522398326460484008e-01
1.811853364918572795e-01
2.092915526834880358e-01
2.363972364300531981e-01
2.623288626337907936e-01
2.868993315724536752e-01
3.099079873556065401e-01
3.311422901180295364e-01
3.503814585952856331e-01
3.674021785045849531e-01
3.819862574936777611e-01
3.939298207496509940e-01
4.030533521629174887e-01
4.092116229088499924e-01
4.123024614330831894e-01
4.122732897051724077e-01
4.091246080978967470e-01
4.029099614357786741e-01
3.937323930082818890e-01
3.817378536471370820e-01
3.671064098209599891e-01
3.500422938358768166e-01
3.307638738052612881e-01
3.094944811847089028e-01
2.864547886832076729e-01
2.618571419824182733e-01
2.359019561811659393e-01
2.087760694164655928e-01
1.806527642201401496e-01
1.516930737716258859e-01
1.220479431948109234e-01
9.186081699533840683e-02
6.127025220735149436e-02
3.041220668538399674e-02
5.782844092264458969e-04
3.156626134286576874e-02
